ROUGE1: 0.36068843035241716
ROUGE2: 0.1364136711912411
ROUGEL: 0.3238698952298985
BERTScore: 0.842418658733368
FKGL: 13.02
DCRS: 11.133799999999999
CLI: 12.750600000000002
LENS: 34.74233296086192
AlignScore: 0.4115914595127106
SummaC: 0.5378791904449463
