ROUGE1: 0.32994684274422714
ROUGE2: 0.10731316978557107
ROUGEL: 0.295307858356115
BERTScore: 0.8299420565366745
FKGL: 12.721999999999998
DCRS: 10.728800000000001
CLI: 12.568100000000001
LENS: 34.20657472519977
AlignScore: 0.30042477175593374
SummaC: 0.5252994880080223
