ROUGE1: 0.2998065504637193
ROUGE2: 0.08868733422653928
ROUGEL: 0.2682037938205469
BERTScore: 0.8259422713518143
FKGL: 12.732000000000001
DCRS: 10.735100000000003
CLI: 12.5772
LENS: 32.402706534118444
AlignScore: 0.24922276905737817
SummaC: 0.4973260360956192
