ROUGE1: 0.3674702161505916
ROUGE2: 0.1465354978284906
ROUGEL: 0.32329345694703654
BERTScore: 0.8448962378501892
FKGL: 13.338
DCRS: 11.651800000000001
CLI: 14.145400000000002
LENS: 38.76250469394248
AlignScore: 0.5527345846965909
SummaC: 0.5896155881881714
