ROUGE1: 0.36047875782405187
ROUGE2: 0.11417444299002875
ROUGEL: 0.31359400344871163
BERTScore: 0.8298407566547393
FKGL: 13.415999999999999
DCRS: 10.693800000000001
CLI: 12.333200000000001
LENS: 30.082836939483
AlignScore: 0.3618370829895139
SummaC: 0.6156472194194794
