ROUGE1: 0.2568174722669025
ROUGE2: 0.05267751769244171
ROUGEL: 0.23092735378365778
BERTScore: 0.8138409376144409
FKGL: 12.484000000000002
DCRS: 10.3058
CLI: 12.281400000000001
LENS: 31.19280498972494
AlignScore: 0.11292322812601924
SummaC: 0.49868515253067014
