ROUGE1: 0.29920525513603746
ROUGE2: 0.07821266837990101
ROUGEL: 0.26674582148233145
BERTScore: 0.8174654591083527
FKGL: 12.424000000000001
DCRS: 10.3238
CLI: 12.385600000000002
LENS: 33.667155986359084
AlignScore: 0.18925808399915695
SummaC: 0.5127197855710983
