ROUGE1: 0.3427956286605361
ROUGE2: 0.12469715076063682
ROUGEL: 0.30548023385743606
BERTScore: 0.8380436062812805
FKGL: 12.98
DCRS: 11.164400000000002
CLI: 12.873
LENS: 33.64612090617765
AlignScore: 0.3855223099887371
SummaC: 0.4959669196605682
