ROUGE1: 0.36397448698732177
ROUGE2: 0.13035497040925967
ROUGEL: 0.31844373019787414
BERTScore: 0.8373684936761856
FKGL: 13.377
DCRS: 11.1728
CLI: 13.239299999999998
LENS: 34.389453625807775
AlignScore: 0.4572858338430524
SummaC: 0.6026314038038254
